12C16O	2101.3424	1.802e-23	37.54	0.0677	0.074	2181.3692	0.74	-0.002	3	4
12C16O	2101.4914	7.838e-28	42.18	0.0712	0.077	4271.3871	0.74	-0.002	3	2
12C16O	2103.2697	3.253e-19	17.36	0.0586	0.064	211.4041	0.75	-0.004	9	10
12C16O	2105.1255	9.908e-28	43.98	0.0677	0.074	4282.7116	0.74	-0.002	4	3
12C16O	2105.2566	1.458e-23	39.65	0.0712	0.077	2166.1305	0.74	-0.002	2	3
12C16O	2107.4232	3.535e-19	17.57	0.0595	0.065	172.978	0.75	-0.004	8	9
12C16O	2108.7241	1.153e-27	45.22	0.0651	0.071	4297.8102	0.74	-0.002	5	4
12C16O	2109.1362	1.03e-23	44.31	0.0757	0.081	2154.701	0.75	-0.001	1	2
12C16O	2111.5430	3.725e-19	17.81	0.0606	0.066	138.3904	0.75	-0.004	7	8
12C16O	2112.2869	1.265e-27	46.15	0.0632	0.069	4316.6824	0.74	-0.002	6	5
12C16O	2112.9810	5.354e-24	66.83	0.0803	0.087	2147.0811	0.76	-0.001	0	1
12C16O	2115.6290	3.793e-19	18.08	0.0618	0.068	107.6424	0.75	-0.003	6	7
12C16O	2115.8138	1.324e-27	46.9	0.0618	0.068	4339.3274	0.75	-0.002	7	6
12C16O	2119.3047	1.334e-27	47.54	0.0606	0.066	4365.7443	0.75	-0.002	8	7
12C16O	2119.6810	3.713e-19	18.42	0.0632	0.069	80.7354	0.74	-0.003	5	6
12C16O	2120.5661	5.474e-24	22.52	0.0803	0.087	2143.2711	0.76	-0.002	1	0
12C16O	2122.7594	1.298e-27	48.1	0.0595	0.065	4395.9322	0.75	-0.002	9	8
12C16O	2123.6988	3.468e-19	18.87	0.0651	0.071	57.6704	0.74	-0.003	4	5
12C16O	2124.3060	1.077e-23	27.18	0.0757	0.081	2147.0811	0.75	-0.002	2	1
12C16O	2126.1779	1.225e-27	48.6	0.0586	0.064	4429.8898	0.75	-0.002	10	9
12C16O	2127.6824	3.052e-19	19.52	0.0677	0.074	38.4481	0.74	-0.003	3	4
12C16O	2128.0105	1.559e-23	29.27	0.0712	0.077	2154.701	0.74	-0.002	3	2
12C16O	2129.5598	1.124e-27	49.06	0.0577	0.063	4467.6158	0.75	-0.002	11	10
12C16O	2131.6316	2.472e-19	20.62	0.0712	0.077	23.0695	0.74	-0.002	2	3
12C16O	2131.6797	1.971e-23	30.52	0.0677	0.074	2166.1305	0.74	-0.002	4	3
12C16O	2132.9051	1.004e-27	49.48	0.0569	0.062	4509.1088	0.74	-0.002	12	11
12C16O	2135.3132	2.292e-23	31.38	0.0651	0.071	2181.3692	0.74	-0.002	5	4
12C16O	2135.5462	1.746e-19	23.04	0.0757	0.081	11.535	0.75	-0.003	1	2
12C16O	2136.2137	8.743e-28	49.87	0.0561	0.06	4554.367	0.73	-0.002	13	12
12C16O	2138.9110	2.512e-23	32.04	0.0632	0.069	2200.4164	0.74	-0.002	6	5
12C16O	2139.4261	9.083e-20	34.75	0.0803	0.087	3.845	0.76	-0.003	0	1
12C16O	2139.4853	7.431e-28	50.24	0.0553	0.059	4603.3889	0.72	-0.002	14	13
12C16O	2142.4729	2.627e-23	32.56	0.0618	0.068	2223.2714	0.75	-0.002	7	6
12C16O	2142.7199	6.172e-28	50.61	0.0545	0.059	4656.1724	0.71	-0.002	15	14
12C16O	2145.9173	5.01e-28	50.95	0.0538	0.058	4712.7156	0.7	-0.002	16	15
12C16O	2145.9988	2.643e-23	33.01	0.0606	0.066	2249.9334	0.75	-0.002	8	7
12C16O	2147.0811	9.29e-20	11.71	0.0803	0.087	0.0	0.76	-0.002	1	0
12C16O	2149.0774	3.978e-28	51.28	0.0531	0.057	4773.0161	0.69	-0.002	17	16
12C16O	2149.4885	2.569e-23	33.39	0.0595	0.065	2280.4012	0.75	-0.002	9	8
12C16O	2150.8560	1.828e-19	14.13	0.0757	0.081	3.845	0.75	-0.002	2	1
12C16O	2152.1999	3.09e-28	51.61	0.0524	0.056	4837.0717	0.68	-0.002	18	17
12C16O	2152.9419	2.421e-23	33.74	0.0586	0.064	2314.6739	0.75	-0.002	10	9
12C16O	2154.5956	2.646e-19	15.23	0.0712	0.077	11.535	0.74	-0.003	3	2
12C16O	2155.2849	2.35e-28	51.91	0.0517	0.055	4904.8799	0.67	-0.002	19	18
12C16O	2156.3588	2.217e-23	34.05	0.0577	0.063	2352.7499	0.75	-0.002	11	10
12C16O	2158.2997	3.342e-19	15.88	0.0677	0.074	23.0695	0.74	-0.003	4	3
12C16O	2158.3320	1.75e-28	52.21	0.051	0.054	4976.438	0.67	-0.002	20	19
12C16O	2159.7391	1.977e-23	34.35	0.0569	0.062	2394.6279	0.74	-0.002	12	11
12C16O	2161.3412	1.277e-28	52.52	0.0503	0.053	5051.7432	0.67	-0.002	21	20
12C16O	2161.9682	3.884e-19	16.32	0.0651	0.071	38.4481	0.74	-0.003	5	4
12C16O	2163.0827	1.718e-23	34.62	0.0561	0.06	2440.3062	0.73	-0.002	13	12
12C16O	2164.3123	9.122e-29	52.8	0.0496	0.053	5130.7926	0.67	-0.002	22	21
12C16O	2165.6010	4.253e-19	16.66	0.0632	0.069	57.6704	0.74	-0.003	6	5
12C16O	2166.3893	1.457e-23	34.89	0.0553	0.059	2489.7831	0.72	-0.002	14	13
12C16O	2167.2452	6.388e-29	53.09	0.049	0.052	5213.5832	0.67	-0.002	23	22
12C16O	2169.1980	4.444e-19	16.93	0.0618	0.068	80.7354	0.75	-0.003	7	6
12C16O	2169.6589	1.207e-23	35.14	0.0545	0.059	2543.0567	0.71	-0.002	15	14
12C16O	2170.1397	4.385e-29	53.37	0.0483	0.051	5300.1117	0.67	-0.003	24	23
12C16O	2172.7588	4.465e-19	17.17	0.0606	0.066	107.6424	0.75	-0.003	8	7
12C16O	2172.8912	9.778e-24	35.38	0.0538	0.058	2600.1249	0.7	-0.002	16	15
12C16O	2172.9957	2.95e-29	53.65	0.0477	0.051	5390.3747	0.67	-0.003	25	24
12C16O	2175.8130	1.946e-29	53.91	0.0471	0.05	5484.3687	0.67	-0.003	26	25
12C16O	2176.0862	7.743e-24	35.61	0.0531	0.057	2660.9855	0.69	-0.002	17	16
12C16O	2176.2835	4.335e-19	17.37	0.0595	0.065	138.3904	0.75	-0.002	9	8
12C16O	2178.5915	1.259e-29	54.17	0.0465	0.049	5582.0901	0.67	-0.003	27	26
12C16O	2179.2437	5.999e-24	35.84	0.0524	0.056	2725.6361	0.68	-0.002	18	17
12C16O	2179.7719	4.079e-19	17.55	0.0586	0.064	172.978	0.75	-0.003	10	9
12C16O	2181.3311	7.986e-30	54.44	0.046	0.049	5683.5351	0.67	-0.003	28	27
12C16O	2182.3636	4.548e-24	36.05	0.0517	0.055	2794.0743	0.67	-0.002	19	18
12C16O	2183.2238	3.729e-19	17.72	0.0577	0.063	211.4041	0.75	-0.003	11	10
12C16O	2184.0316	4.97e-30	54.69	0.0454	0.048	5788.6996	0.67	-0.003	29	28
12C16O	2185.4457	3.376e-24	36.27	0.051	0.054	2866.2975	0.67	-0.002	20	19
12C16O	2186.6391	3.319e-19	17.88	0.0569	0.062	253.6672	0.74	-0.003	12	11
12C16O	2186.6928	3.033e-30	54.95	0.0448	0.047	5897.5796	0.67	-0.003	30	29
12C16O	2188.4899	2.454e-24	36.48	0.0503	0.053	2942.3028	0.67	-0.002	21	20
12C16O	2189.3146	1.816e-30	55.2	0.0443	0.047	6010.1709	0.67	-0.003	31	30
12C16O	2190.0176	2.879e-19	18.01	0.0561	0.06	299.7656	0.73	-0.003	13	12
12C16O	2191.4959	1.747e-24	36.68	0.0496	0.053	3022.0873	0.67	-0.002	22	21
12C16O	2191.8969	1.067e-30	55.45	0.0438	0.046	6126.4691	0.67	-0.003	32	31
12C16O	2193.3592	2.437e-19	18.15	0.0553	0.059	349.6975	0.72	-0.003	14	13
12C16O	2194.4395	6.149e-31	55.69	0.0432	0.046	6246.4695	0.67	-0.003	33	32
12C16O	2194.4638	1.219e-24	36.88	0.049	0.052	3105.6479	0.67	-0.002	23	22
12C16O	2196.6637	2.015e-19	18.29	0.0545	0.059	403.4612	0.71	-0.003	15	14
12C16O	2196.9422	3.478e-31	55.93	0.0427	0.045	6370.1677	0.67	-0.003	34	33
12C16O	2197.3932	8.338e-25	37.07	0.0483	0.051	3192.9815	0.67	-0.003	24	23
12C16O	2199.4050	1.931e-31	56.16	0.0422	0.045	6497.5586	0.67	-0.003	35	34
12C16O	2199.9310	1.627e-19	18.41	0.0538	0.058	461.0544	0.7	-0.003	16	15
12C16O	2200.2842	5.587e-25	37.27	0.0477	0.051	3284.0846	0.67	-0.003	25	24
12C16O	2201.8277	1.052e-31	56.4	0.0417	0.044	6628.6374	0.67	-0.003	36	35
12C16O	2203.1365	3.67e-25	37.46	0.0471	0.05	3378.9537	0.67	-0.003	26	25
12C16O	2203.1610	1.285e-19	18.53	0.0531	0.057	522.4751	0.69	-0.003	17	16
12C16O	2205.9499	2.364e-25	37.64	0.0465	0.049	3477.5851	0.67	-0.003	27	26
12C16O	2206.3535	9.927e-20	18.65	0.0524	0.056	587.7209	0.68	-0.003	18	17
12C16O	2208.7245	1.493e-25	37.83	0.046	0.049	3579.9751	0.67	-0.003	28	27
12C16O	2209.5083	7.504e-20	18.77	0.0517	0.055	656.7892	0.67	-0.003	19	18
12C16O	2211.4599	9.246e-26	38.01	0.0454	0.048	3686.1198	0.67	-0.003	29	28
12C16O	2212.6254	5.553e-20	18.87	0.051	0.054	729.6774	0.67	-0.003	20	19
12C16O	2214.1560	5.616e-26	38.19	0.0448	0.047	3796.0149	0.67	-0.003	30	29
12C16O	2215.7045	4.023e-20	18.98	0.0503	0.053	806.3828	0.67	-0.003	21	20
12C16O	2216.8128	3.346e-26	38.37	0.0443	0.047	3909.6562	0.67	-0.003	31	30
12C16O	2218.7455	2.855e-20	19.09	0.0496	0.053	886.9024	0.67	-0.003	22	21
12C16O	2219.4301	1.955e-26	38.54	0.0438	0.046	4027.0395	0.67	-0.003	32	31